#include <cstdio>
#include <cstring>
#include <algorithm>
#define yuki(x, y) for(int i = x; i < (y); ++i)
#define yukj(x, y) for(int j = x; j < (y); ++j)
#define yukii(x, y) for(int i = x; i <= (y); ++i)
#define yukji(x, y) for(int j = x; j <= (y); ++j)
#define yuk(x, y, z) for(int x = y; x < (z); ++x)
#define yui(x, y, z) for(int x = y; x >= (z); --x)
const int snow0[][100][100] = {{{63,127,187,250,313,374,436,500,561,623,687,747,810,873,934,997,1060,1121,1183,1247,1307,1370,1434,1494,1557,1620,1681,1743,1807,1868,1930,1994,2054,2117,2180,2241,2304,2367,2428,2490,2554,2614,2677,2741,2801,2864,2927,2988,3050,3114,3175,3237,3301,3361,3424,3487,3548,3611,3674,3735,3797,3861,3921,3984,4048,4108,4171,4234,4295,4357,4421,4482,4544,4608,4668,4731,4794,4855,4918,4981,5042,5104,5168,5228,5291,5355,5415,5478,5541,5602,5664,5728,5789,5851,5915,5975,6038,6101,6162,6225},{127,255,377,500,629,751,874,1002,1126,1249,1377,1498,1624,1751,1874,1998,2125,2248,2370,2500,2620,2746,2875,2996,3120,3247,3371,3494,3621,3745,3868,3997,4117,4243,4371,4493,4618,4744,4867,4990,5119,5240,5364,5494,5616,5739,5867,5990,6114,6241,6364,6487,6616,6737,6862,6990,7112,7237,7364,7486,7610,7739,7859,7984,8112,8235,8359,8486,8609,8733,8861,8984,9107,9236,9356,9481,9608,9731,9857,9983,10106,10228,10359,10479,10603,10732,10854,10978,11106,11229,11352,11480,11604,11726,11854,11976,12100,12228,12349,12477},{187,377,555,736,927,1106,1287,1477,1660,1839,2031,2206,2393,2581,2760,2945,3132,3312,3492,3685,3860,4046,4237,4414,4597,4785,4967,5147,5336,5517,5699,5890,6065,6253,6440,6620,6804,6991,7171,7353,7543,7721,7903,8095,8275,8455,8645,8826,9008,9196,9377,9558,9749,9925,10112,10299,10479,10663,10851,11030,11212,11404,11580,11763,11953,12134,12315,12504,12684,12866,13057,13237,13418,13609,13785,13969,14157,14339,14523,14711,14890,15070,15263,15441,15622,15814,15992,16174,16365,16543,16726,16915,17097,17277,17467,17644,17829,18017,18195,18384},{250,500,736,979,1232,1468,1710,1962,2204,2442,2697,2930,3177,3428,3665,3910,4159,4399,4636,4893,5126,5373,5625,5862,6105,6352,6595,6836,7085,7325,7567,7822,8054,8303,8552,8791,9035,9282,9523,9765,10015,10252,10496,10749,10987,11228,11480,11720,11962,12211,12452,12691,12945,13179,13428,13675,13915,14160,14408,14646,14889,15142,15376,15620,15872,16112,16354,16604,16842,17086,17338,17576,17818,18071,18304,18550,18799,19039,19285,19534,19772,20011,20268,20503,20745,20999,21234,21478,21730,21967,22210,22462,22702,22941,23194,23431,23673,23924,24162,24412},{313,629,927,1232,1547,1846,2150,2467,2771,3069,3391,3685,3993,4309,4608,4917,5228,5530,5828,6152,6444,6753,7072,7370,7675,7984,8291,8594,8907,9209,9512,9833,10125,10438,10749,11052,11358,11669,11971,12275,12590,12889,13193,13512,13813,14115,14431,14733,15037,15350,15655,15953,16273,16567,16880,17191,17493,17800,18112,18413,18717,19035,19329,19636,19953,20254,20558,20872,21173,21478,21795,22095,22399,22716,23011,23318,23632,23934,24243,24556,24855,25155,25478,25775,26078,26397,26693,27000,27317,27615,27919,28236,28540,28839,29156,29454,29760,30075,30373,30687},{374,751,1106,1468,1846,2203,2565,2944,3305,3661,4046,4396,4765,5142,5497,5865,6238,6597,6953,7340,7688,8057,8439,8793,9156,9528,9891,10253,10628,10987,11349,11731,12079,12453,12827,13186,13552,13921,14282,14645,15023,15378,15739,16121,16480,16841,17220,17577,17940,18314,18677,19035,19416,19765,20139,20511,20871,21238,21609,21967,22330,22711,23062,23427,23805,24165,24527,24903,25261,25625,26003,26362,26724,27103,27453,27820,28196,28556,28924,29297,29654,30012,30399,30752,31111,31494,31848,32214,32593,32947,33309,33689,34051,34409,34786,35139,35506,35883,36238,36614},{436,874,1287,1710,2150,2565,2987,3427,3849,4263,4712,5118,5549,5987,6401,6829,7263,7683,8096,8547,8952,9382,9825,10238,10662,11094,11517,11938,12374,12793,13215,13660,14065,14501,14935,15353,15779,16210,16631,17054,17492,17906,18326,18771,19189,19610,20049,20466,20889,21324,21747,22165,22608,23013,23449,23882,24302,24730,25162,25578,26000,26444,26853,27279,27719,28138,28559,28995,29413,29838,30278,30696,31118,31557,31965,32395,32831,33251,33680,34113,34527,34946,35397,35807,36227,36671,37083,37509,37950,38363,38786,39226,39649,40064,40504,40916,41344,41781,42195,42634},{500,1002,1477,1962,2467,2944,3427,3931,4416,4890,5405,5873,6367,6869,7343,7834,8332,8814,9288,9805,10271,10762,11271,11746,12231,12727,13213,13696,14196,14676,15161,15671,16136,16635,17134,17614,18101,18596,19081,19564,20066,20542,21024,21533,22014,22497,23002,23480,23963,24463,24949,25427,25936,26403,26902,27397,27879,28370,28865,29344,29828,30338,30807,31293,31799,32279,32763,33264,33744,34232,34735,35214,35697,36202,36671,37164,37665,38147,38637,39134,39610,40090,40607,41079,41562,42069,42542,43029,43536,44011,44496,45002,45486,45962,46465,46939,47429,47931,48408,48909},{561,1126,1660,2204,2771,3305,3849,4416,4959,5493,6072,6597,7150,7715,8247,8799,9359,9899,10433,11015,11536,12087,12660,13192,13737,14296,14841,15384,15945,16484,17028,17601,18124,18684,19246,19784,20331,20888,21430,21974,22538,23072,23614,24188,24727,25268,25836,26371,26916,27476,28022,28560,29133,29656,30216,30773,31313,31864,32421,32959,33504,34077,34602,35148,35716,36256,36798,37362,37902,38449,39016,39552,40095,40662,41188,41741,42306,42847,43397,43957,44490,45029,45609,46139,46681,47253,47783,48331,48900,49433,49978,50545,51088,51624,52191,52722,53273,53837,54371,54933},{623,1249,1839,2442,3069,3661,4263,4890,5493,6087,6727,7308,7921,8547,9136,9747,10367,10965,11559,12203,12779,13390,14025,14614,15217,15835,16440,17043,17665,18262,18864,19498,20077,20699,21319,21915,22524,23141,23740,24343,24968,25558,26160,26794,27391,27992,28621,29216,29818,30438,31043,31638,32272,32851,33473,34090,34690,35301,35915,36512,37116,37749,38330,38937,39566,40165,40767,41390,41987,42595,43221,43814,44417,45046,45628,46242,46867,47464,48076,48695,49284,49882,50526,51112,51714,52348,52935,53541,54171,54760,55365,55993,56596,57190,57817,58407,59016,59640,60230,60854},{687,1377,2031,2697,3391,4046,4712,5405,6072,6727,7431,8073,8750,9443,10095,10769,11455,12118,12774,13484,14121,14794,15494,16146,16813,17497,18165,18832,19520,20180,20843,21544,22182,22869,23555,24215,24887,25569,26233,26899,27588,28241,28903,29603,30264,30928,31624,32281,32947,33633,34301,34957,35658,36297,36983,37666,38330,39005,39683,40344,41011,41709,42352,43022,43716,44378,45044,45733,46392,47063,47755,48412,49077,49772,50415,51093,51783,52445,53120,53803,54455,55116,55826,56475,57139,57839,58489,59158,59855,60506,61173,61867,62533,63189,63883,64535,65208,65897,66551,67239},{747,1498,2206,2930,3685,4396,5118,5873,6597,7308,8073,8771,9508,10260,10967,11701,12446,13166,13877,14651,15340,16073,16834,17543,18268,19010,19736,20460,21209,21924,22645,23408,24099,24844,25592,26310,27039,27780,28502,29225,29975,30682,31403,32164,32880,33601,34359,35074,35796,36542,37267,37980,38742,39436,40182,40923,41643,42377,43116,43832,44557,45317,46014,46743,47497,48216,48938,49686,50403,51132,51885,52599,53321,54076,54775,55512,56261,56980,57713,58455,59164,59881,60654,61359,62080,62842,63548,64275,65031,65738,66461,67217,67940,68653,69408,70116,70846,71597,72306,73055},{810,1624,2393,3177,3993,4765,5549,6367,7150,7921,8750,9508,10307,11122,11889,12685,13491,14270,15043,15881,16629,17422,18247,19017,19803,20607,21394,22179,22990,23765,24546,25373,26123,26932,27741,28519,29311,30114,30895,31681,32492,33259,34039,34864,35642,36424,37244,38019,38803,39612,40396,41171,41996,42748,43556,44359,45140,45936,46737,47513,48300,49123,49880,50669,51487,52265,53049,53859,54635,55426,56242,57016,57800,58618,59376,60176,60986,61765,62561,63364,64133,64910,65747,66511,67294,68119,68886,69674,70493,71259,72044,72862,73645,74420,75236,76004,76796,77610,78379,79192},{873,1751,2581,3428,4309,5142,5987,6869,7715,8547,9443,10260,11122,11999,12828,13686,14556,15398,16230,17135,17942,18798,19688,20520,21369,22235,23085,23929,24804,25642,26484,27377,28187,29059,29931,30771,31626,32493,33337,34182,35059,35885,36727,37617,38457,39300,40184,41021,41867,42740,43588,44423,45312,46125,46996,47862,48704,49563,50427,51266,52112,53002,53819,54671,55554,56393,57239,58113,58951,59802,60683,61519,62364,63246,64065,64928,65802,66643,67501,68368,69199,70037,70940,71763,72608,73498,74325,75175,76059,76888,77734,78615,79462,80297,81178,82007,82861,83738,84568,85445},{934,1874,2760,3665,4608,5497,6401,7343,8247,9136,10095,10967,11889,12828,13715,14632,15564,16463,17352,18319,19182,20096,21049,21936,22844,23771,24678,25581,26519,27414,28315,29270,30135,31067,32000,32897,33810,34737,35638,36543,37480,38363,39265,40218,41115,42017,42961,43856,44760,45693,46599,47490,48442,49311,50242,51168,52069,52988,53914,54809,55714,56665,57538,58447,59392,60287,61192,62128,63023,63933,64875,65770,66673,67619,68493,69414,70349,71248,72164,73092,73979,74875,75841,76721,77624,78576,79461,80370,81317,82200,83105,84049,84951,85843,86786,87671,88585,89523,90410,91347},{997,1998,2945,3910,4917,5865,6829,7834,8799,9747,10769,11701,12685,13686,14632,15611,16604,17563,18512,19544,20466,21441,22457,23403,24371,25361,26329,27292,28292,29247,30210,31227,32150,33145,34140,35098,36073,37060,38022,38987,39986,40930,41892,42908,43865,44827,45835,46788,47754,48748,49716,50668,51681,52610,53604,54590,55551,56533,57519,58474,59440,60455,61385,62356,63364,64319,65286,66284,67238,68210,69215,70168,71134,72142,73073,74056,75054,76013,76990,77980,78926,79884,80914,81853,82816,83832,84775,85746,86756,87698,88663,89670,90633,91585,92590,93534,94510,95511,96458,97458},{1060,2125,3132,4159,5228,6238,7263,8332,9359,10367,11455,12446,13491,14556,15564,16604,17659,18680,19688,20786,21766,22804,23884,24892,25920,26972,28004,29028,30090,31107,32131,33213,34195,35252,36310,37329,38365,39415,40439,41465,42529,43531,44555,45637,46656,47676,48748,49764,50790,51848,52876,53888,54966,55954,57011,58060,59084,60127,61175,62191,63220,64299,65288,66320,67393,68410,69436,70497,71512,72545,73614,74629,75656,76728,77718,78763,79825,80846,81885,82938,83945,84963,86059,87056,88080,89161,90164,91196,92270,93274,94299,95369,96395,97408,98476,99482,100519,101582,102591,103655},{1121,2248,3312,4399,5530,6597,7683,8814,9899,10965,12118,13166,14270,15398,16463,17563,18680,19759,20825,21987,23023,24121,25265,26329,27418,28532,29621,30705,31831,32905,33987,35132,36171,37289,38409,39486,40581,41692,42774,43860,44987,46046,47130,48275,49351,50432,51567,52638,53725,54844,55931,57001,58144,59187,60305,61415,62497,63601,64709,65785,66872,68015,69061,70154,71287,72362,73448,74571,75645,76737,77869,78941,80026,81161,82209,83313,84438,85517,86616,87732,88797,89873,91031,92086,93169,94314,95373,96466,97603,98662,99747,100880,101965,103036,104167,105230,106328,107453,108519,109644},{1183,2370,3492,4636,5828,6953,8096,9288,10433,11559,12774,13877,15043,16230,17352,18512,19688,20825,21951,23175,24267,25425,26630,27751,28898,30071,31220,32364,33551,34683,35823,37031,38124,39304,40483,41618,42773,43945,45086,46230,47416,48534,49675,50881,52015,53156,54353,55483,56627,57807,58953,60080,61283,62383,63562,64732,65874,67038,68205,69338,70485,71688,72789,73943,75138,76272,77416,78599,79732,80884,82075,83204,84348,85545,86649,87815,88999,90136,91296,92470,93593,94727,95948,97061,98203,99408,100525,101678,102876,103990,105134,106328,107473,108603,109795,110915,112072,113256,114379,115566},{1247,2500,3685,4893,6152,7340,8547,9805,11015,12203,13484,14651,15881,17135,18319,19544,20786,21987,23175,24463,25617,26839,28111,29296,30506,31745,32959,34166,35419,36614,37818,39092,40249,41493,42738,43937,45156,46394,47596,48802,50054,51235,52440,53714,54911,56115,57379,58573,59779,61025,62236,63426,64696,65858,67102,68338,69544,70770,72003,73197,74407,75677,76842,78059,79321,80519,81727,82974,84171,85387,86645,87838,89045,90308,91476,92706,93955,95155,96378,97617,98802,100000,101289,102465,103670,104943,106123,107338,108602,109781,110989,112249,113458,114651,115909,117092,118312,119562,120747,121998},{1307,2620,3860,5126,6444,7688,8952,10271,11536,12779,14121,15340,16629,17942,19182,20466,21766,23023,24267,25617,26827,28108,29440,30681,31948,33247,34516,35781,37092,38343,39602,40938,42146,43450,44754,46010,47286,48582,49842,51104,52418,53655,54917,56251,57506,58766,60089,61340,62604,63908,65174,66420,67750,68964,70268,71563,72826,74109,75401,76651,77919,79251,80471,81745,83068,84322,85586,86894,88147,89419,90737,91986,93248,94570,95792,97080,98389,99646,100927,102224,103466,104721,106073,107304,108566,109900,111135,112406,113732,114966,116230,117550,118814,120062,121379,122617,123896,125206,126445,127757},{1370,2746,4046,5373,6753,8057,9382,10762,12087,13390,14794,16073,17422,18798,20096,21441,22804,24121,25425,26839,28108,29451,30847,32147,33476,34836,36165,37491,38865,40175,41494,42893,44159,45526,46890,48206,49543,50900,52220,53544,54920,56217,57540,58938,60253,61575,62960,64269,65595,66961,68288,69593,70986,72258,73624,74980,76302,77648,78999,80310,81639,83034,84313,85649,87035,88349,89676,91046,92357,93690,95071,96380,97703,99087,100367,101717,103088,104404,105746,107105,108405,109721,111137,112427,113750,115148,116442,117776,119165,120458,121782,123165,124488,125798,127177,128474,129814,131186,132484,133857},{1434,2875,4237,5625,7072,8439,9825,11271,12660,14025,15494,16834,18247,19688,21049,22457,23884,25265,26630,28111,29440,30847,32307,33669,35060,36483,37877,39265,40704,42077,43459,44924,46251,47680,49111,50489,51889,53311,54694,56080,57521,58881,60266,61730,63107,64489,65940,67312,68699,70130,71520,72888,74346,75681,77110,78531,79915,81324,82740,84113,85506,86967,88306,89705,91157,92535,93922,95357,96730,98126,99571,100942,102328,103778,105120,106533,107969,109347,110753,112176,113539,114916,116400,117752,119137,120600,121957,123354,124809,126163,127548,128996,130382,131753,133197,134557,135960,137398,138757,140195},{1494,2996,4414,5862,7370,8793,10238,11746,13192,14614,16146,17543,19017,20520,21936,23403,24892,26329,27751,29296,30681,32147,33669,35087,36536,38020,39472,40919,42418,43849,45290,46816,48197,49688,51180,52616,54077,55558,56999,58443,59946,61362,62805,64331,65766,67205,68718,70147,71592,73084,74533,75958,77479,78869,80359,81839,83280,84749,86227,87658,89109,90632,92028,93484,94998,96433,97878,99375,100805,102259,103766,105194,106638,108150,109548,111022,112517,113954,115418,116901,118321,119757,121305,122714,124156,125683,127095,128550,130067,131478,132921,134431,135876,137303,138809,140224,141687,143186,144603,146102},{1557,3120,4597,6105,7675,9156,10662,12231,13737,15217,16813,18268,19803,21369,22844,24371,25920,27418,28898,30506,31948,33476,35060,36536,38047,39592,41104,42611,44171,45661,47162,48751,50190,51742,53295,54791,56312,57854,59355,60860,62424,63898,65401,66990,68484,69983,71557,73045,74551,76105,77614,79098,80683,82129,83680,85222,86722,88253,89789,91281,92792,94378,95832,97350,98925,100419,101925,103482,104971,106486,108055,109541,111044,112620,114077,115611,117169,118663,120189,121732,123212,124708,126318,127785,129288,130877,132348,133865,135444,136912,138417,139987,141492,142978,144546,146020,147542,149103,150580,152142},{1620,3247,4785,6352,7984,9528,11094,12727,14296,15835,17497,19010,20607,22235,23771,25361,26972,28532,30071,31745,33247,34836,36483,38020,39592,41199,42774,44340,45964,47514,49075,50730,52228,53843,55459,57017,58599,60203,61765,63330,64958,66492,68056,69710,71265,72825,74463,76012,77577,79195,80765,82309,83958,85464,87077,88680,90243,91835,93435,94987,96560,98211,99723,101301,102940,104496,106062,107683,109233,110809,112442,113990,115554,117192,118708,120304,121925,123482,125069,126674,128215,129770,131445,132972,134537,136190,137723,139300,140941,142470,144036,145670,147236,148783,150415,151949,153532,155157,156694,158319},{1681,3371,4967,6595,8291,9891,11517,13213,14841,16440,18165,19736,21394,23085,24678,26329,28004,29621,31220,32959,34516,36165,37877,39472,41104,42774,44407,46033,47719,49329,50951,52667,54223,55899,57578,59194,60837,62503,64123,65748,67439,69032,70656,72374,73987,75607,77307,78913,80539,82220,83850,85453,87165,88728,90403,92068,93690,95343,97004,98615,100247,101963,103532,105169,106872,108486,110112,111796,113405,115042,116738,118344,119968,121668,123241,124898,126583,128198,129845,131514,133112,134726,136466,138052,139675,141392,142983,144620,146324,147911,149537,151233,152858,154465,156161,157753,159397,161084,162679,164366},{1743,3494,5147,6836,8594,10253,11938,13696,15384,17043,18832,20460,22179,23929,25581,27292,29028,30705,32364,34166,35781,37491,39265,40919,42611,44340,46033,47719,49465,51134,52815,54595,56208,57947,59686,61361,63066,64793,66474,68158,69910,71559,73243,75023,76695,78376,80138,81804,83490,85231,86922,88584,90357,91977,93715,95440,97121,98834,100556,102225,103919,105696,107323,109021,110786,112460,114147,115892,117558,119254,121012,122677,124361,126124,127755,129474,131219,132894,134603,136332,137987,139661,141465,143107,144790,146569,148217,149916,151682,153328,155014,156772,158457,160124,161882,163531,165235,166982,168636,170385},{1807,3621,5336,7085,8907,10628,12374,14196,15945,17665,19520,21209,22990,24804,26519,28292,30090,31831,33551,35419,37092,38865,40704,42418,44171,45964,47719,49465,51275,53006,54748,56593,58264,60066,61870,63606,65372,67162,68906,70652,72467,74178,75924,77770,79504,81245,83073,84801,86549,88351,90104,91827,93666,95345,97146,98934,100675,102451,104236,105968,107722,109562,111250,113010,114839,116575,118323,120132,121861,123617,125441,127168,128914,130741,132433,134215,136024,137761,139530,141322,143040,144773,146643,148346,150087,151933,153642,155403,157234,158939,160686,162509,164256,165983,167806,169515,171282,173093,174808,176621},{1868,3745,5517,7325,9209,10987,12793,14676,16484,18262,20180,21924,23765,25642,27414,29247,31107,32905,34683,36614,38343,40175,42077,43849,45661,47514,49329,51134,53006,54795,56597,58505,60233,62095,63961,65754,67579,69431,71231,73038,74915,76681,78487,80396,82188,83987,85878,87664,89469,91334,93144,94925,96828,98563,100424,102273,104074,105909,107755,109545,111360,113263,115007,116826,118716,120511,122318,124188,125974,127792,129676,131460,133266,135156,136904,138746,140616,142410,144239,146094,147867,149660,151593,153353,155153,157061,158829,160647,162541,164305,166112,167997,169802,171588,173471,175239,177064,178937,180710,182584},{1930,3868,5699,7567,9512,11349,13215,15161,17028,18864,20843,22645,24546,26484,28315,30210,32131,33987,35823,37818,39602,41494,43459,45290,47162,49075,50951,52815,54748,56597,58459,60429,62214,64139,66064,67917,69802,71716,73575,75441,77379,79203,81067,83039,84890,86749,88702,90546,92411,94337,96207,98045,100009,101803,103726,105635,107495,109393,111298,113147,115022,116988,118788,120669,122621,124474,126342,128272,130118,131996,133941,135784,137650,139599,141405,143308,145240,147092,148983,150898,152729,154581,156576,158393,160255,162224,164050,165930,167886,169708,171575,173522,175387,177231,179176,181002,182888,184821,186653,188590},{1994,3997,5890,7822,9833,11731,13660,15671,17601,19498,21544,23408,25373,27377,29270,31227,33213,35132,37031,39092,40938,42893,44924,46816,48751,50730,52667,54595,56593,58505,60429,62463,64309,66299,68289,70206,72154,74131,76054,77982,79984,81871,83798,85835,87750,89672,91690,93596,95524,97515,99449,101349,103379,105234,107221,109194,111118,113078,115048,116961,118898,120929,122790,124732,126750,128666,130598,132594,134501,136442,138453,140358,142285,144301,146169,148135,150132,152049,154001,155981,157876,159790,161851,163731,165654,167689,169576,171519,173542,175426,177356,179369,181296,183200,185211,187098,189048,191047,192942,194943},{2054,4117,6065,8054,10125,12079,14065,16136,18124,20077,22182,24099,26123,28187,30135,32150,34195,36171,38124,40249,42146,44159,46251,48197,50190,52228,54223,56208,58264,60233,62214,64309,66211,68260,70309,72282,74288,76323,78304,80288,82351,84293,86276,88374,90344,92322,94400,96362,98347,100398,102389,104345,106436,108343,110388,112421,114400,116418,118448,120417,122412,124503,126417,128418,130498,132471,134459,136514,138478,140476,142547,144509,146493,148570,150491,152514,154570,156543,158554,160592,162543,164512,166637,168571,170551,172646,174587,176587,178670,180609,182597,184670,186655,188614,190684,192627,194636,196696,198645,200707},{2117,4243,6253,8303,10438,12453,14501,16635,18684,20699,22869,24844,26932,29059,31067,33145,35252,37289,39304,41493,43450,45526,47680,49688,51742,53843,55899,57947,60066,62095,64139,66299,68260,70371,72484,74517,76586,78684,80726,82773,84898,86900,88945,91108,93140,95178,97319,99343,101390,103504,105555,107573,109728,111694,113803,115899,117938,120020,122112,124141,126199,128354,130327,132390,134535,136570,138618,140736,142761,144822,146956,148979,151026,153165,155145,157232,159351,161386,163461,165560,167571,169602,171792,173785,175827,177986,179988,182049,184196,186196,188246,190382,192427,194448,196582,198586,200657,202780,204791,206916},{2180,4371,6440,8552,10749,12827,14935,17134,19246,21319,23555,25592,27741,29931,32000,34140,36310,38409,40483,42738,44754,46890,49111,51180,53295,55459,57578,59686,61870,63961,66064,68289,70309,72484,74659,76754,78884,81044,83148,85255,87445,89508,91615,93841,95935,98036,100240,102325,104433,106610,108723,110801,113020,115047,117219,119376,121477,123622,125776,127867,129986,132206,134240,136365,138574,140669,142778,144960,147048,149168,151366,153450,155557,157760,159800,161950,164133,166229,168366,170529,172602,174692,176948,179001,181104,183328,185389,187512,189724,191784,193894,196095,198202,200283,202482,204547,206680,208867,210938,213126},{2241,4493,6620,8791,11052,13186,15353,17614,19784,21915,24215,26310,28519,30771,32897,35098,37329,39486,41618,43937,46010,48206,50489,52616,54791,57017,59194,61361,63606,65754,67917,70206,72282,74517,76754,78907,81096,83318,85480,87647,89899,92019,94184,96474,98624,100784,103052,105195,107363,109600,111773,113909,116192,118274,120507,122726,124885,127089,129306,131455,133634,135917,138007,140191,142460,144614,146784,149027,151173,153352,155613,157754,159920,162186,164283,166493,168737,170893,173088,175313,177442,179593,181912,184023,186184,188471,190590,192773,195047,197164,199333,201597,203762,205901,208164,210286,212480,214728,216857,219105},{2304,4618,6804,9035,11358,13552,15779,18101,20331,22524,24887,27039,29311,31626,33810,36073,38365,40581,42773,45156,47286,49543,51889,54077,56312,58599,60837,63066,65372,67579,69802,72154,74288,76586,78884,81096,83347,85630,87852,90080,92393,94572,96798,99149,101360,103580,105912,108115,110342,112642,114875,117071,119417,121556,123851,126132,128351,130616,132893,135103,137343,139689,141837,144083,146415,148628,150858,153163,155368,157609,159931,162131,164359,166687,168842,171114,173420,175634,177892,180178,182365,184576,186960,189130,191352,193701,195880,198122,200460,202636,204865,207191,209417,211617,213938,216121,218377,220687,222875,225186},{2367,4744,6991,9282,11669,13921,16210,18596,20888,23141,25569,27780,30114,32493,34737,37060,39415,41692,43945,46394,48582,50900,53311,55558,57854,60203,62503,64793,67162,69431,71716,74131,76323,78684,81044,83318,85630,87975,90258,92547,94923,97163,99447,101863,104136,106416,108811,111076,113365,115727,118023,120277,122686,124885,127243,129586,131868,134195,136532,138803,141104,143515,145721,148027,150424,152700,154990,157358,159625,161926,164311,166572,168860,171253,173467,175800,178169,180444,182764,185111,187359,189630,192080,194310,196591,199006,201245,203549,205951,208185,210474,212865,215153,217412,219799,222041,224357,226730,228979,231354},{2428,4867,7171,9523,11971,14282,16631,19081,21430,23740,26233,28502,30895,33337,35638,38022,40439,42774,45086,47596,49842,52220,54694,56999,59355,61765,64123,66474,68906,71231,73575,76054,78304,80726,83148,85480,87852,90258,92599,94947,97385,99683,102026,104506,106837,109178,111636,113958,116305,118731,121084,123397,125870,128126,130545,132950,135290,137675,140074,142404,144764,147238,149502,151866,154326,156660,159012,161441,163764,166126,168574,170894,173241,175697,177968,180361,182792,185125,187505,189913,192220,194549,197063,199351,201693,204170,206466,208830,211294,213586,215935,218389,220735,223054,225503,227801,230176,232612,234919,237355},{2490,4990,7353,9765,12275,14645,17054,19564,21974,24343,26899,29225,31681,34182,36543,38987,41465,43860,46230,48802,51104,53544,56080,58443,60860,63330,65748,68158,70652,73038,75441,77982,80288,82773,85255,87647,90080,92547,94947,97355,99855,102211,104615,107157,109547,111947,114468,116847,119255,121742,124155,126528,129062,131376,133858,136322,138722,141168,143628,146014,148434,150971,153293,155718,158238,160631,163043,165533,167916,170339,172849,175227,177634,180151,182480,184935,187427,189820,192261,194730,197095,199484,202061,204407,206809,209349,211702,214126,216652,219003,221413,223926,226334,228712,231222,233578,236015,238512,240876,243374},{2554,5119,7543,10015,12590,15023,17492,20066,22538,24968,27588,29975,32492,35059,37480,39986,42529,44987,47416,50054,52418,54920,57521,59946,62424,64958,67439,69910,72467,74915,77379,79984,82351,84898,87445,89899,92393,94923,97385,99855,102419,104837,107302,109909,112361,114822,117406,119849,122318,124867,127342,129776,132374,134749,137294,139821,142284,144793,147317,149763,152246,154848,157230,159717,162303,164758,167231,169786,172231,174715,177288,179728,182196,184776,187166,189684,192241,194694,197198,199731,202157,204607,207251,209657,212120,214725,217139,219624,222215,224627,227097,229676,232145,234584,237158,239576,242074,244636,247062,249623},{2614,5240,7721,10252,12889,15378,17906,20542,23072,25558,28241,30682,33259,35885,38363,40930,43531,46046,48534,51235,53655,56217,58881,61362,63898,66492,69032,71559,74178,76681,79203,81871,84293,86900,89508,92019,94572,97163,99683,102211,104837,107311,109834,112503,115013,117533,120179,122678,125206,127816,130349,132839,135500,137929,140534,143120,145641,148210,150791,153296,155838,158503,160941,163487,166135,168648,171178,173794,176296,178838,181472,183968,186494,189137,191581,194159,196776,199287,201851,204445,206928,209436,212143,214605,217126,219793,222264,224809,227461,229929,232459,235099,237625,240121,242756,245229,247787,250408,252892,255513},{2677,5364,7903,10496,13193,15739,18326,21024,23614,26160,28903,31403,34039,36727,39265,41892,44555,47130,49675,52440,54917,57540,60266,62805,65401,68056,70656,73243,75924,78487,81067,83798,86276,88945,91615,94184,96798,99447,102026,104615,107302,109834,112419,115151,117719,120299,123007,125563,128150,130821,133414,135963,138687,141173,143838,146485,149066,151696,154338,156903,159505,162230,164727,167333,170042,172614,175206,177882,180442,183045,185742,188297,190884,193587,196088,198727,201405,203977,206601,209253,211795,214362,217133,219652,222233,224964,227493,230099,232812,235340,237927,240628,243213,245769,248466,250998,253615,256297,258839,261523},{2741,5494,8095,10749,13512,16121,18771,21533,24188,26794,29603,32164,34864,37617,40218,42908,45637,48275,50881,53714,56251,58938,61730,64331,66990,69710,72374,75023,77770,80396,83039,85835,88374,91108,93841,96474,99149,101863,104506,107157,109909,112503,115151,117947,120579,123220,125993,128612,131262,133998,136655,139265,142054,144602,147331,150042,152685,155379,158085,160713,163378,166171,168729,171398,174172,176808,179461,182203,184826,187492,190255,192873,195523,198291,200855,203555,206299,208933,211620,214338,216941,219570,222408,224989,227632,230429,233019,235687,238467,241055,243706,246471,249120,251739,254500,257095,259774,262522,265124,267873},{2801,5616,8275,10987,13813,16480,19189,22014,24727,27391,30264,32880,35642,38457,41115,43865,46656,49351,52015,54911,57506,60253,63107,65766,68484,71265,73987,76695,79504,82188,84890,87750,90344,93140,95935,98624,101360,104136,106837,109547,112361,115013,117719,120579,123267,125966,128802,131480,134188,136986,139702,142371,145223,147826,150617,153389,156090,158845,161613,164297,167022,169878,172491,175219,178057,180751,183462,186267,188948,191673,194498,197174,199883,202714,205333,208095,210899,213592,216340,219119,221779,224467,227369,230007,232709,235569,238216,240943,243785,246430,249140,251968,254675,257352,260176,262828,265568,268376,271037,273847},{2864,5739,8455,11228,14115,16841,19610,22497,25268,27992,30928,33601,36424,39300,42017,44827,47676,50432,53156,56115,58766,61575,64489,67205,69983,72825,75607,78376,81245,83987,86749,89672,92322,95178,98036,100784,103580,106416,109178,111947,114822,117533,120299,123220,125966,128727,131624,134360,137128,139986,142761,145491,148405,151065,153917,156751,159511,162325,165154,167897,170682,173599,176269,179059,181959,184711,187483,190348,193086,195871,198757,201492,204262,207155,209831,212652,215518,218270,221079,223917,226637,229384,232349,235045,237808,240729,243434,246223,249126,251828,254599,257489,260255,262990,265875,268585,271386,274257,276974,279847},{2927,5867,8645,11480,14431,17220,20049,23002,25836,28621,31624,34359,37244,40184,42961,45835,48748,51567,54353,57379,60089,62960,65940,68718,71557,74463,77307,80138,83073,85878,88702,91690,94400,97319,100240,103052,105912,108811,111636,114468,117406,120179,123007,125993,128802,131624,134583,137382,140212,143134,145973,148763,151743,154463,157379,160276,163100,165978,168870,171676,174521,177503,180235,183087,186053,188868,191701,194630,197430,200277,203229,206025,208856,211814,214552,217437,220367,223183,226054,228955,231735,234545,237577,240335,243159,246147,248913,251763,254731,257494,260328,263283,266110,268905,271856,274627,277491,280426,283206,286142},{2988,5990,8826,11720,14733,17577,20466,23480,26371,29216,32281,35074,38019,41021,43856,46788,49764,52638,55483,58573,61340,64269,67312,70147,73045,76012,78913,81804,84801,87664,90546,93596,96362,99343,102325,105195,108115,111076,113958,116847,119849,122678,125563,128612,131480,134360,137382,140239,143129,146112,149010,151858,154899,157675,160652,163610,166491,169430,172383,175247,178150,181196,183983,186895,189922,192795,195688,198680,201536,204442,207456,210310,213200,216219,219013,221959,224950,227823,230754,233716,236554,239422,242518,245333,248216,251267,254089,256998,260029,262850,265741,268758,271644,274497,277511,280339,283262,286260,289096,292094},{3050,6114,9008,11962,15037,17940,20889,23963,26916,29818,32947,35796,38803,41867,44760,47754,50790,53725,56627,59779,62604,65595,68699,71592,74551,77577,80539,83490,86549,89469,92411,95524,98347,101390,104433,107363,110342,113365,116305,119255,122318,125206,128150,131262,134188,137128,140212,143129,146079,149123,152081,154987,158092,160925,163964,166982,169923,172923,175936,178858,181822,184931,187775,190748,193837,196769,199722,202773,205689,208656,211731,214644,217593,220674,223526,226534,229586,232517,235509,238532,241429,244356,247515,250389,253332,256444,259325,262294,265386,268266,271218,274295,277241,280153,283230,286116,289102,292159,295054,298114},{3114,6241,9196,12211,15350,18314,21324,24463,27476,30438,33633,36542,39612,42740,45693,48748,51848,54844,57807,61025,63908,66961,70130,73084,76105,79195,82220,85231,88351,91334,94337,97515,100398,103504,106610,109600,112642,115727,118731,121742,124867,127816,130821,133998,136986,139986,143134,146112,149123,152231,155250,158217,161386,164279,167381,170462,173465,176526,179600,182585,185611,188784,191689,194722,197876,200870,203883,206998,209976,213003,216142,219116,222127,225273,228185,231256,234372,237364,240416,243503,246463,249448,252674,255608,258611,261788,264729,267761,270918,273858,276871,280012,283019,285992,289133,292080,295126,298247,301204,304327},{3175,6364,9377,12452,15655,18677,21747,24949,28022,31043,34301,37267,40396,43588,46599,49716,52876,55931,58953,62236,65174,68288,71520,74533,77614,80765,83850,86922,90104,93144,96207,99449,102389,105555,108723,111773,114875,118023,121084,124155,127342,130349,133414,136655,139702,142761,145973,149010,152081,155250,158327,161353,164585,167535,170699,173843,176905,180026,183163,186206,189292,192529,195490,198582,201799,204853,207925,211102,214139,217226,220428,223459,226530,229739,232710,235840,239019,242071,245184,248333,251348,254395,257685,260675,263737,266978,269978,273070,276289,279287,282359,285563,288629,291662,294866,297871,300978,304162,307177,310362},{3237,6487,9558,12691,15953,19035,22165,25427,28560,31638,34957,37980,41171,44423,47490,50668,53888,57001,60080,63426,66420,69593,72888,75958,79098,82309,85453,88584,91827,94925,98045,101349,104345,107573,110801,113909,117071,120277,123397,126528,129776,132839,135963,139265,142371,145491,148763,151858,154987,158217,161353,164439,167733,170739,173965,177167,180287,183470,186666,189768,192913,196210,199228,202380,205659,208769,211901,215139,218235,221381,224642,227733,230861,234131,237159,240349,243588,246698,249873,253081,256154,259258,262610,265657,268779,272082,275139,278289,281570,284625,287757,291023,294146,297237,300500,303563,306732,309977,313048,316295},{3301,6616,9749,12945,16273,19416,22608,25936,29133,32272,35658,38742,41996,45312,48442,51681,54966,58144,61283,64696,67750,70986,74346,77479,80683,83958,87165,90357,93666,96828,100009,103379,106436,109728,113020,116192,119417,122686,125870,129062,132374,135500,138687,142054,145223,148405,151743,154899,158092,161386,164585,167733,171091,174159,177449,180715,183899,187144,190404,193569,196777,200139,203219,206435,209778,212950,216144,219447,222604,225814,229142,232294,235484,238819,241908,245162,248467,251641,254876,258150,261285,264452,267870,270979,274162,277531,280649,283863,287210,290326,293521,296850,300037,303189,306519,309644,312875,316186,319320,322630},{3361,6737,9925,13179,16567,19765,23013,26403,29656,32851,36297,39436,42748,46125,49311,52610,55954,59187,62383,65858,68964,72258,75681,78869,82129,85464,88728,91977,95345,98563,101803,105234,108343,111694,115047,118274,121556,124885,128126,131376,134749,137929,141173,144602,147826,151065,154463,157675,160925,164279,167535,170739,174159,177283,180632,183958,187199,190502,193820,197041,200306,203730,206863,210137,213540,216767,220020,223383,226597,229865,233253,236461,239708,243103,246245,249558,252923,256152,259447,262781,265971,269193,272673,275837,279079,282508,285681,288952,292360,295531,298782,302173,305418,308627,312016,315197,318485,321855,325044,328415},{3424,6862,10112,13428,16880,20139,23449,26902,30216,33473,36983,40182,43556,46996,50242,53604,57011,60305,63562,67102,70268,73624,77110,80359,83680,87077,90403,93715,97146,100424,103726,107221,110388,113803,117219,120507,123851,127243,130545,133858,137294,140534,143838,147331,150617,153917,157379,160652,163964,167381,170699,173965,177449,180632,184043,187432,190733,194100,197481,200762,204090,207578,210770,214107,217574,220862,224177,227602,230876,234206,237658,240927,244236,247694,250897,254273,257699,260990,264348,267743,270993,274278,277823,281047,284350,287843,291076,294408,297880,301112,304425,307879,311185,314456,317909,321149,324500,327932,331182,334617},{3487,6990,10299,13675,17191,20511,23882,27397,30773,34090,37666,40923,44359,47862,51168,54590,58060,61415,64732,68338,71563,74980,78531,81839,85222,88680,92068,95440,98934,102273,105635,109194,112421,115899,119376,122726,126132,129586,132950,136322,139821,143120,146485,150042,153389,156751,160276,163610,166982,170462,173843,177167,180715,183958,187432,190883,194246,197674,201117,204460,207847,211401,214652,218049,221580,224930,228305,231794,235129,238519,242034,245363,248731,252255,255518,258955,262445,265795,269215,272673,275985,279327,282939,286222,289586,293141,296434,299828,303364,306656,310029,313548,316916,320247,323762,327063,330474,333969,337277,340776},{3548,7112,10479,13915,17493,20871,24302,27879,31313,34690,38330,41643,45140,48704,52069,55551,59084,62497,65874,69544,72826,76302,79915,83280,86722,90243,93690,97121,100675,104074,107495,111118,114400,117938,121477,124885,128351,131868,135290,138722,142284,145641,149066,152685,156090,159511,163100,166491,169923,173465,176905,180287,183899,187199,190733,194246,197667,201154,204659,208060,211507,215123,218432,221888,225481,228890,232326,235876,239269,242719,246296,249684,253112,256699,260019,263518,267070,270479,273957,277476,280846,284247,287923,291263,294684,298303,301654,305108,308707,312056,315487,319069,322496,325885,329464,332822,336294,339851,343218,346778},{3611,7237,10663,14160,17800,21238,24730,28370,31864,35301,39005,42377,45936,49563,52988,56533,60127,63601,67038,70770,74109,77648,81324,84749,88253,91835,95343,98834,102451,105909,109393,113078,116418,120020,123622,127089,130616,134195,137675,141168,144793,148210,151696,155379,158845,162325,165978,169430,172923,176526,180026,183470,187144,190502,194100,197674,201154,204703,208270,211730,215238,218917,222284,225802,229458,232928,236423,240036,243490,247000,250641,254089,257580,261228,264608,268169,271782,275250,278789,282370,285800,289263,293002,296402,299883,303566,306976,310491,314154,317561,321054,324699,328187,331637,335277,338693,342226,345845,349272,352896},{3674,7364,10851,14408,18112,21609,25162,28865,32421,35915,39683,43116,46737,50427,53914,57519,61175,64709,68205,72003,75401,78999,82740,86227,89789,93435,97004,100556,104236,107755,111298,115048,118448,122112,125776,129306,132893,136532,140074,143628,147317,150791,154338,158085,161613,165154,168870,172383,175936,179600,183163,186666,190404,193820,197481,201117,204659,208270,211899,215420,218989,222732,226159,229737,233457,236987,240543,244218,247731,251303,255008,258518,262068,265782,269219,272841,276516,280046,283648,287290,290779,294303,298107,301565,305107,308855,312326,315900,319627,323095,326649,330357,333906,337416,341119,344595,348188,351871,355359,359045},{3735,7486,11030,14646,18413,21967,25578,29344,32959,36512,40344,43832,47513,51266,54809,58474,62191,65785,69338,73197,76651,80310,84113,87658,91281,94987,98615,102225,105968,109545,113147,116961,120417,124141,127867,131455,135103,138803,142404,146014,149763,153296,156903,160713,164297,167897,171676,175247,178858,182585,186206,189768,193569,197041,200762,204460,208060,211730,215420,218999,222627,226432,229915,233553,237335,240923,244538,248275,251846,255478,259246,262812,266422,270199,273691,277373,281111,284699,288359,292061,295608,299190,303058,306575,310176,313986,317513,321148,324937,328463,332077,335847,339453,343022,346788,350322,353975,357720,361264,365009},{3797,7610,11212,14889,18717,22330,26000,29828,33504,37116,41011,44557,48300,52112,55714,59440,63220,66872,70485,74407,77919,81639,85506,89109,92792,96560,100247,103919,107722,111360,115022,118898,122412,126199,129986,133634,137343,141104,144764,148434,152246,155838,159505,163378,167022,170682,174521,178150,181822,185611,189292,192913,196777,200306,204090,207847,211507,215238,218989,222627,226315,230183,233724,237422,241266,244914,248588,252386,256017,259710,263538,267166,270835,274673,278222,281965,285765,289413,293135,296898,300504,304145,308077,311653,315314,319186,322772,326468,330320,333904,337579,341411,345077,348705,352534,356126,359841,363647,367250,371058},{3861,7739,11404,15142,19035,22711,26444,30338,34077,37749,41709,45317,49123,53002,56665,60455,64299,68015,71688,75677,79251,83034,86967,90632,94378,98211,101963,105696,109562,113263,116988,120929,124503,128354,132206,135917,139689,143515,147238,150971,154848,158503,162230,166171,169878,173599,177503,181196,184931,188784,192529,196210,200139,203730,207578,211401,215123,218917,222732,226432,230183,234115,237717,241478,245388,249097,252834,256697,260392,264147,268040,271730,275461,279364,282976,286781,290647,294357,298143,301970,305638,309342,313341,316978,320701,324640,328289,332048,335966,339611,343347,347245,350974,354662,358556,362211,365989,369860,373525,377398},{3921,7859,11580,15376,19329,23062,26853,30807,34602,38330,42352,46014,49880,53819,57538,61385,65288,69061,72789,76842,80471,84313,88306,92028,95832,99723,103532,107323,111250,115007,118788,122790,126417,130327,134240,138007,141837,145721,149502,153293,157230,160941,164727,168729,172491,176269,180235,183983,187775,191689,195490,199228,203219,206863,210770,214652,218432,222284,226159,229915,233724,237717,241375,245194,249164,252931,256725,260648,264400,268214,272167,275911,279700,283663,287330,291195,295120,298887,302730,306617,310341,314101,318164,321856,32563